['boa_viagem_2018-1.jpg', 'boa_viagem_2018-297.jpg', 'boa_viagem_2018-3.jpg', 'boa_viagem_2018-313.jpg', 'boa_viagem_2018-33.jpg', 'boa_viagem_2018-369.jpg', 'boa_viagem_2018-383.jpg', 'boa_viagem_2018-685.jpg', 'boa_viagem_2018-697.jpg', 'boa_viagem_2018-701.jpg']
['boa_viagem_2018-1.png', 'boa_viagem_2018-297.png', 'boa_viagem_2018-3.png', 'boa_viagem_2018-313.png', 'boa_viagem_2018-33.png', 'boa_viagem_2018-369.png', 'boa_viagem_2018-383.png', 'boa_viagem_2018-685.png', 'boa_viagem_2018-697.png', 'boa_viagem_2018-701.png']

Média DLCCCH

nothing

[18.63434903 24.52816251 35.60572484 26.41551247 30.03601108 18.30470914
 14.47460757  8.73314866 56.23915051 14.19298246]

24.716435826408123
13.010318787588576

equalization 1:

[20.06186519 24.88365651 35.91782087 27.12834718 27.42289935 18.35734072
 14.56232687  8.62880886 55.69344414 14.11172669]
24.676823638042475
12.785465371884623

britgh -60:

[25.89750693 19.38781163 36.99907664 16.26869806 27.13758079 18.26869806
 15.11080332  8.72206833 60.11634349 16.42843952]
24.433702677747
14.03062686100928



equalization 1 + britgh -60:

[14.81348107 31.85410896 31.91689751 16.2843952  27.39058172 18.50507849
 14.41274238  9.2179132  59.51800554 14.01569714]
23.792890120036933
14.07547108554262

equalization 1 + britghness -80:
[16.04432133 18.69529086 33.23268698 15.62142198 27.21698984 18.80701754
 14.34256694  9.1421976  61.8365651  15.55863343]
23.049769159741455
14.463903961596804

equalization 1 + britghness -75:
[15.71468144 18.94644506 33.30470914 14.41643583 27.21883657 19.36103416
 14.40350877  9.18836565 61.7654663  15.16251154]
22.94819944598338
14.52320249572944





lower DLCCCH

nothing

[18.36842105 32.19113573 29.41735919 38.80240074 36.65835642 15.30932595
 11.64912281  2.23268698 50.93905817 13.06740536]
24.863527239150507
14.307927202699325

equalization 1:

[18.44506002 32.46537396 30.31948292 38.76084949 29.06001847 15.32686981
 11.69252078  2.13388735 50.35918744 12.98430286]
24.15475530932595
13.808255545503764

equalization 2:

[166.19575254  55.85687904 151.93998153  42.01108033  56.27423823
  61.83933518  87.66481994  89.70452447 106.66943675 196.29362881]
101.4449676823638
50.31239047533226

equalization 3:

[157.33795014  56.31394275 155.67128347  55.8578024  366.28162512
  61.90212373  85.70083102  82.53739612  99.60110803  25.34164358]
114.65457063711911
93.02535312827044

equalization 1 + britghness -60:

[15.0212373  33.72022161 24.3388735  24.53185596 33.83379501 15.5355494
 11.62973223  2.14958449 58.02770083 12.10710988]
23.089566020313946
15.051078312883293

equalization 1 + britghness -80:

[14.80055402 25.55955679 27.27146814 24.16897507 33.77931671 15.62142198
 11.611265    2.11265005 61.15420129 13.77100646]
22.985041551246535
15.397828106477744

equalization 1 + britghness -100:

[15.09695291 21.19852262 25.06925208 23.24376731 26.37857802 17.1966759
 11.50046168  2.10341644 62.62696214 15.54478301]
21.99593721144968
15.16522210576703

equalization 1 + brigthness -102:

[15.40535549 21.21421976 23.51708218 23.12188366 25.8411819  17.20313943
 11.48384118  2.07386888 62.68144044 15.4976916 ]
21.803970452446904
15.132571264104921









##############################################################################################





equalization 1 + brigthness -102:

[15.40535549 21.21421976 23.51708218 23.12188366 25.8411819  17.20313943
 11.48384118  2.07386888 62.68144044 15.4976916 ]
21.803970452446904
15.132571264104921

[18.36842105 32.19113573 29.41735919 38.80240074 36.65835642 15.30932595
 11.64912281  2.23268698 50.93905817 13.06740536]
24.863527239150507
14.307927202699325



